[-9.85119854e-03 -1.09081539e-02 -1.21081003e-02 -1.34744341e-02
 -1.50350480e-02 -1.68233236e-02 -1.88793711e-02 -2.12515849e-02
 -2.39986041e-02 -2.71917942e-02 -3.09184045e-02 -3.52856020e-02
 -4.04256513e-02 -4.65025955e-02 -5.37209147e-02 -6.23367952e-02
 -7.26728599e-02 -8.51374977e-02 -1.00250311e-01 -1.18675709e-01
 -1.41267322e-01 -1.69126738e-01 -2.03681034e-01 -2.46784675e-01
 -3.00852308e-01 -3.69029488e-01 -4.55407556e-01 -5.65285537e-01
 -7.05474410e-01 -8.84626230e-01 -1.11355372e+00 -1.40549085e+00
 -1.77622843e+00 -2.24393044e+00 -2.82749537e+00 -3.53639399e+00
 -4.22977972e+00  3.91342440e+00  3.79391960e+00  3.05025291e+00
  2.42471451e+00  1.92040436e+00  1.51946130e+00  1.20313817e+00
  9.54803055e-01  7.60375831e-01  6.08261103e-01  4.89120321e-01
  3.95565788e-01  3.21830040e-01  2.63450565e-01  2.16992735e-01
  1.79819305e-01  1.49905569e-01  1.25694691e-01  1.05986279e-01
  8.98514037e-02  7.65681431e-02  6.55728305e-02  5.64231886e-02
  4.87704198e-02  4.23380297e-02  3.69057059e-02  3.22970024e-02
  2.83698906e-02  2.50094790e-02  2.21223776e-02  1.96323159e-02
  1.74767179e-02  1.56040153e-02  1.39715272e-02  1.25437811e-02
  1.12911758e-02  1.01889135e-02  9.21614164e-03  8.35526123e-03
  7.59136688e-03  6.91179150e-03  6.30573479e-03  5.76395885e-03
  5.27853787e-03  4.84265163e-03  4.45041440e-03  4.09673285e-03
  3.77718755e-03  3.48793384e-03  3.22561868e-03  2.98731071e-03
  2.77044118e-03  2.57275397e-03  2.39226316e-03  2.22721693e-03
  2.07606680e-03  1.93744123e-03  1.81012303e-03  1.69303001e-03
  1.58519815e-03  1.48576723e-03  1.39396831e-03  1.30911286e-03
  1.23058338e-03]